     0/299     7.73G      6.36       4.5      3.98      14.8        35       512     0.167  0.000527    0.0321   0.00105      3.49      2.75      2.72
     1/299     9.09G      4.17      2.65      3.58      10.4        28       512     0.114     0.114    0.0831     0.098      3.26      1.75      2.57
     2/299     9.09G      3.83      1.53      3.47      8.83        25       512     0.172     0.218     0.161     0.186       2.7      1.14      2.55
     3/299     9.09G      3.25      1.24      3.42      7.92        32       512    0.0396     0.245    0.0428    0.0647      2.55      1.57      2.52
     4/299     9.09G      3.23      1.12      3.33      7.68        27       512      0.17     0.433     0.206     0.241      2.19     0.848      2.48
     5/299     9.09G      3.05      1.03      3.31       7.4        17       512     0.208     0.304     0.244     0.236      2.16     0.797      2.47
     6/299     9.09G      2.89      1.03      3.38      7.29        47       512      0.15     0.417     0.158     0.219       1.8      0.84      2.43
     7/299     9.09G      2.85     0.935      3.38      7.16        43       512     0.275      0.39     0.285     0.315       1.9     0.844      2.37
     8/299     9.09G      2.63      0.92      3.33      6.88        26       512     0.267     0.588     0.388     0.367      1.52     0.698      2.23
     9/299     9.09G      2.89     0.854      3.09      6.83        31       512     0.305     0.579     0.407     0.397      2.12     0.799      2.11
    10/299     9.09G      2.67     0.888      3.08      6.63        31       512     0.319     0.687     0.453     0.433       1.5     0.746      1.95
    11/299     9.09G      2.43     0.877      2.87      6.18        32       512     0.342     0.683     0.525     0.455      1.59     0.691      1.77
    12/299     9.09G      2.33     0.858      2.79      5.97        28       512     0.356     0.746      0.56     0.479      1.62     0.658       1.6
    13/299     9.09G      2.35     0.853      2.56      5.76        32       512     0.351     0.824     0.579      0.47      1.41     0.684      1.64
    14/299     9.09G      2.34     0.819      2.42      5.58        29       512     0.391     0.701     0.532     0.491      1.73     0.735      1.71
    15/299     9.09G      2.34     0.796      2.46      5.59        31       512     0.384     0.725     0.547     0.496      1.39      0.71      1.58
    16/299     9.09G      2.12     0.729      2.32      5.16        26       512     0.417     0.875     0.685     0.554      1.47     0.634      1.31
    17/299     9.09G      2.33     0.756      2.11       5.2        39       512     0.441     0.857     0.686     0.578      1.44     0.618      1.28
    18/299     9.09G      2.32     0.769      2.26      5.35        46       512     0.483     0.915     0.757     0.612      1.43     0.639      1.19
    19/299     9.09G      2.22     0.801      2.03      5.05        15       512     0.538     0.899     0.768     0.661      1.37     0.639      1.13
    20/299     9.09G      2.22     0.758      1.95      4.93        50       512     0.534     0.838     0.739     0.647      1.45     0.627      1.13
    21/299     9.09G      2.21      0.78      1.91      4.89        62       512     0.598     0.894      0.79     0.702      1.36     0.605      1.08
    22/299     9.09G      2.17     0.735         2      4.91        41       512     0.625     0.928     0.822     0.731      1.64     0.644     0.944
    23/299     9.09G      2.08     0.778      1.84       4.7        26       512     0.573     0.927     0.796     0.697      1.33     0.616     0.959
    24/299     9.09G      2.03     0.799      1.71      4.54        28       512      0.69     0.931     0.887     0.778      1.19     0.582     0.739
    25/299     9.09G      2.05     0.718      1.75      4.52        24       512     0.591     0.876     0.794     0.693      1.37     0.638     0.876
    26/299     9.09G      1.93     0.729      1.76      4.41        28       512     0.643     0.949     0.857     0.752      1.47     0.581     0.662
    27/299     9.09G      1.96     0.716       1.6      4.28        20       512     0.635     0.949     0.867     0.748      1.24     0.585      0.63
    28/299     9.09G      1.94     0.709      1.56      4.22        33       512     0.651     0.954     0.908      0.76      1.23     0.575     0.596
    29/299     9.09G      1.94     0.692       1.7      4.33        50       512     0.684      0.96     0.905     0.783      1.28     0.566     0.565
    30/299     9.09G      1.98     0.757      1.49      4.23        55       512      0.68     0.935     0.897     0.775       1.2     0.577     0.603
    31/299     9.09G      1.85     0.702      1.37      3.93        34       512     0.719     0.954      0.92      0.81      1.24     0.573     0.485
    32/299     9.09G      1.97     0.701      1.59      4.26        53       512      0.72     0.942     0.915     0.814      1.15     0.553     0.484
    33/299     9.09G      1.83     0.694      1.39      3.91        33       512     0.712     0.958     0.923      0.81      1.24     0.558      0.51
    34/299     9.09G      1.84     0.673      1.34      3.85        29       512     0.733     0.953     0.938     0.823      1.18      0.55     0.492
    35/299     9.09G      1.89     0.735      1.44      4.06        56       512     0.738     0.961     0.932     0.829      1.08     0.574     0.446
    36/299     9.09G      1.88     0.725       1.3       3.9        31       512     0.761     0.965     0.958     0.842      1.15     0.578     0.432
    37/299     9.09G      1.81     0.682      1.39      3.88        51       512     0.789     0.965     0.957     0.866      1.17     0.568     0.383
    38/299     9.09G      1.83       0.7      1.32      3.85        38       512     0.778     0.961     0.942     0.855      1.23     0.572     0.428
    39/299     9.09G      1.81     0.684      1.36      3.86        24       512     0.793     0.968     0.959     0.866      1.23     0.562     0.358
    40/299     9.09G      1.83     0.647      1.24      3.72        40       512     0.837     0.968     0.968     0.895      1.07     0.547     0.344
    41/299     9.09G      1.71     0.643       1.1      3.46        38       512      0.81     0.944     0.953     0.866      1.15     0.528     0.366
    42/299     9.09G      1.84      0.66      1.14      3.64        51       512     0.768     0.972     0.937     0.851      1.33     0.554     0.431
    43/299     9.09G      1.79     0.626      1.06      3.48        38       512     0.803     0.973     0.938     0.871      1.08     0.546     0.374
    44/299     9.09G       1.8     0.658      1.09      3.56        25       512     0.835     0.969     0.964     0.891      1.01     0.563     0.376
    45/299     9.09G      1.77     0.638       1.2      3.61        20       512     0.792      0.94     0.932     0.857      1.08     0.592     0.554
    46/299     9.09G      1.87     0.616      1.23      3.72        26       512     0.799     0.952     0.944     0.862      1.15      0.58     0.364
    47/299     9.09G      1.68     0.653      1.28      3.61        44       512     0.831      0.96     0.964     0.887      1.07     0.535      0.42
    48/299     9.09G      1.65     0.654      1.23      3.54        36       512     0.832     0.982     0.966     0.897      1.13      0.53     0.306
    49/299     9.09G      1.79     0.638      1.19      3.62        27       512     0.841     0.979     0.972     0.903      1.04     0.535     0.278
    50/299     9.09G      1.76     0.648      1.13      3.54        32       512     0.828     0.976      0.97      0.89      1.09     0.519     0.343
    51/299     9.09G      1.76     0.642      1.02      3.42        37       512     0.893     0.974      0.98      0.93      1.02     0.535     0.301
    52/299     9.09G      1.71     0.652      1.05      3.42        36       512      0.86     0.986     0.979     0.916      1.13     0.517     0.246
    53/299     9.09G      1.69     0.614      1.12      3.42        25       512     0.854     0.971     0.973     0.907         1     0.541     0.305
    54/299     9.09G      1.61     0.614      1.14      3.36        41       512     0.829      0.92     0.933     0.871      1.01      0.57     0.481
    55/299     9.09G      1.72     0.664      1.07      3.45        73       512     0.864     0.978     0.977     0.915     0.974     0.545     0.287
    56/299     9.09G      1.84     0.644      1.09      3.58        31       512     0.835     0.969     0.955     0.889      1.05     0.551     0.359
    57/299     9.09G      1.63     0.635      1.05      3.31        28       512     0.852     0.978      0.97     0.908     0.993     0.512     0.332
    58/299     9.09G      1.68     0.616     0.946      3.24        27       512     0.875     0.981     0.962     0.923      1.07     0.512     0.236
    59/299     9.09G      1.65     0.633      1.02      3.31        35       512     0.875      0.97     0.976     0.919     0.948      0.54     0.255
    60/299     9.09G      1.69     0.652     0.947      3.29        43       512     0.866     0.986     0.978     0.919      1.03     0.487     0.229
    61/299     9.09G      1.68     0.621     0.951      3.26        30       512     0.873     0.964     0.969     0.916      1.02     0.505     0.261
    62/299     9.09G      1.77     0.641      1.12      3.53        32       512     0.865     0.974     0.966     0.912     0.907     0.533     0.345
    63/299     9.09G      1.61     0.608      1.18       3.4        23       512     0.853     0.987     0.979     0.913      0.95     0.525     0.245
    64/299     9.09G      1.66     0.589      0.93      3.18        26       512     0.797     0.956     0.933     0.859     0.902     0.556     0.458
    65/299     9.09G       1.6     0.622     0.942      3.17        17       512     0.843     0.976     0.969     0.904     0.926     0.546     0.276
    66/299     9.09G      1.69     0.601     0.983      3.28        36       512     0.861     0.985      0.98     0.916      0.93     0.541     0.243
    67/299     9.09G      1.55     0.622      0.89      3.06        40       512     0.879     0.986     0.984     0.927     0.947     0.505     0.199
    68/299     9.09G      1.58     0.623     0.822      3.02        25       512     0.899     0.982     0.981     0.938     0.936     0.526     0.202
    69/299     9.09G       1.8     0.633      1.04      3.47        53       512     0.887     0.977     0.975     0.927     0.978     0.481     0.365
    70/299     9.09G      1.59     0.616      0.91      3.11        42       512     0.873     0.978     0.981     0.921     0.937     0.518     0.286
    71/299     9.09G      1.73     0.593         1      3.32        32       512     0.896     0.968     0.972      0.93     0.913     0.529     0.329
    72/299     9.09G      1.53      0.65     0.978      3.16        22       512     0.842     0.986     0.981     0.906     0.856     0.505     0.328
    73/299     9.09G      1.56     0.601      1.04       3.2        26       512      0.89     0.977      0.98     0.929     0.859     0.514     0.279
    74/299     9.09G      1.53     0.614      0.92      3.07        58       512     0.905     0.986     0.985     0.942       0.9     0.505     0.203
    75/299     9.09G      1.51     0.576      0.92         3        38       512     0.906     0.985     0.989     0.942     0.882     0.511     0.215
    76/299     9.09G       1.7     0.624     0.885       3.2        30       512     0.906     0.981     0.981      0.94     0.937     0.505     0.237
    77/299     9.09G      1.58     0.645      1.05      3.27        40       512     0.879     0.985      0.98     0.928      0.86     0.508     0.291
    78/299     9.09G      1.56      0.59     0.955      3.11        46       512      0.87     0.984     0.982     0.922      0.85     0.507     0.303
    79/299     9.09G      1.49     0.592     0.847      2.93        30       512     0.861     0.983     0.976     0.915     0.871     0.475     0.235
    80/299     9.09G      1.49     0.581     0.744      2.82        29       512     0.864     0.978     0.978     0.915     0.858     0.483     0.241
    81/299     9.09G      1.48     0.605     0.757      2.84        30       512     0.882     0.989     0.987     0.932     0.917     0.479     0.211
    82/299     9.09G      1.61     0.545     0.806      2.96        28       512     0.894     0.981     0.981     0.935     0.992     0.516      0.25
    83/299     9.09G      1.46     0.603     0.867      2.93        18       512     0.895     0.983     0.981     0.936     0.879     0.482     0.223
    84/299     9.09G       1.4     0.593     0.799      2.79        42       512      0.91     0.979     0.985     0.942     0.862     0.485     0.207
    85/299     9.09G      1.43     0.569      0.85      2.85        26       512     0.891     0.948     0.963     0.918         1     0.529      0.28
    86/299     9.09G       1.5     0.604         1       3.1        43       512     0.874     0.979      0.98     0.923     0.839     0.488     0.238
    87/299     9.09G       1.5     0.553     0.883      2.93        23       512     0.898     0.985     0.987     0.939      0.91     0.501     0.193
    88/299     9.09G      1.44     0.557     0.776      2.77        35       512     0.893     0.984     0.983     0.935     0.831     0.468     0.204
    89/299     9.09G      1.45     0.529     0.831      2.81        29       512     0.916     0.992     0.991     0.952      0.81      0.46     0.173
    90/299     9.09G      1.46     0.576     0.852      2.89        22       512     0.916     0.989     0.984     0.951     0.807     0.489     0.176
    91/299     9.09G      1.44     0.572     0.723      2.73        36       512     0.886     0.984     0.981      0.93     0.813     0.477     0.221
    92/299     9.09G      1.41     0.571     0.755      2.74        27       512     0.904     0.987     0.988     0.942     0.811     0.461     0.164
    93/299     9.09G      1.47      0.58      0.64      2.69        40       512     0.925      0.99     0.986     0.956     0.781     0.451      0.14
    94/299     9.09G       1.4     0.552     0.671      2.63        28       512     0.916     0.991     0.986     0.951     0.808     0.458     0.154
    95/299     9.09G      1.47     0.571      1.29      3.33        26       512     0.862     0.956     0.971       0.9     0.786     0.453     0.379
    96/299     9.09G      1.34      0.55      1.01      2.91        44       512     0.895     0.989     0.981     0.939       0.8      0.48     0.208
    97/299     9.09G      1.41     0.601     0.765      2.78        42       512     0.906     0.989     0.985     0.944     0.941     0.468     0.206
    98/299     9.09G      1.47     0.571     0.848      2.89        20       512     0.852      0.96     0.965     0.901     0.892     0.511     0.299
    99/299     9.09G      1.41     0.578     0.723      2.71        26       512     0.889     0.986     0.983     0.934     0.809     0.484     0.177
   100/299     9.09G      1.42     0.594     0.987         3        34       512     0.861     0.987     0.982     0.919     0.833     0.464     0.192
   101/299     9.09G      1.46     0.582     0.982      3.02        20       512     0.808     0.966     0.966     0.876     0.816     0.489      0.32
   102/299     9.09G      1.46     0.591     0.874      2.93        38       512       0.9     0.979     0.984     0.936     0.826     0.469     0.185
   103/299     9.09G      1.42     0.589     0.796       2.8        28       512     0.886     0.988     0.984     0.933     0.811     0.466      0.19
   104/299     9.09G      1.32     0.558     0.812      2.69        28       512     0.888     0.986     0.983     0.933     0.794     0.465     0.191
   105/299     9.09G      1.33     0.583     0.696      2.61        42       512     0.907     0.993     0.987     0.945     0.735     0.457     0.174
   106/299     9.09G      1.43     0.571     0.786      2.79        26       512     0.918     0.993      0.99     0.952      0.71     0.455     0.167
   107/299     9.09G      1.34      0.57     0.817      2.73        44       512     0.899     0.992      0.99     0.941     0.822     0.494     0.191
   108/299     9.09G      1.34     0.556     0.787      2.68        39       512     0.931     0.991     0.989      0.96     0.738     0.506     0.166
   109/299     9.09G      1.32     0.546     0.658      2.52        18       512     0.907     0.991     0.982     0.943     0.734     0.463     0.217
   110/299     9.09G      1.34     0.527      0.63      2.49        32       512     0.913      0.99     0.984     0.949     0.767     0.456     0.147
   111/299     9.09G      1.48      0.53     0.816      2.82        41       512     0.892     0.989     0.985     0.936     0.804     0.472     0.213
   112/299     9.09G      1.38       0.5     0.716       2.6        24       512     0.923     0.993      0.99     0.956     0.795     0.451     0.147
   113/299     9.09G      1.38     0.578     0.765      2.73        24       512     0.887     0.992      0.98     0.932      0.72      0.45     0.241
   114/299     9.09G       1.3     0.526     0.694      2.52        25       512     0.914     0.989     0.988      0.95     0.819     0.484      0.15
   115/299     9.09G      1.28      0.57     0.638      2.49        24       512     0.919     0.987     0.987     0.952     0.698     0.454      0.14
   116/299     9.09G      1.34     0.504     0.651       2.5        34       512     0.926     0.993      0.99     0.958     0.726     0.449     0.125
   117/299     9.09G      1.32      0.55     0.653      2.52        54       512      0.93     0.991     0.989     0.958     0.699     0.441     0.147
   118/299     9.09G      1.29     0.555      0.62      2.47        16       512     0.932      0.99     0.992      0.96     0.643     0.458     0.159
   119/299     9.09G      1.28     0.481     0.575      2.34        36       512     0.936     0.993     0.992     0.963     0.718     0.421     0.143
   120/299     9.09G       1.3     0.537     0.639      2.48        47       512     0.923      0.99     0.988     0.955     0.719     0.435     0.142
   121/299     9.09G      1.28     0.508     0.712       2.5        26       512     0.923     0.989     0.987     0.954     0.725     0.439     0.157
   122/299     9.09G       1.3     0.499     0.733      2.54        43       512     0.913     0.992      0.99     0.951     0.725     0.453     0.131
   123/299     9.09G       1.3     0.481     0.689      2.47        20       512     0.921     0.994     0.991     0.956     0.766     0.443     0.132
   124/299     9.09G      1.32     0.542     0.562      2.43        36       512     0.943     0.992     0.993     0.967     0.714     0.437     0.108
   125/299     9.09G      1.29     0.509     0.559      2.35        21       512     0.952     0.995     0.994     0.973     0.693     0.422     0.101
   126/299     9.09G      1.27     0.504     0.601      2.37        38       512     0.947     0.995     0.993      0.97     0.686     0.412     0.107
   127/299     9.09G      1.23     0.472     0.521      2.22        21       512     0.951     0.993     0.993     0.971     0.689     0.432     0.104
   128/299     9.09G      1.19     0.475     0.529      2.19        21       512     0.955     0.993     0.993     0.974     0.642     0.423    0.0947
   129/299     9.09G      1.22     0.465     0.554      2.24        41       512     0.951     0.995     0.994     0.972      0.65     0.405    0.0844
   130/299     9.09G      1.24     0.469     0.486      2.19        40       512     0.939     0.995     0.992     0.966     0.644     0.401    0.0979
   131/299     9.09G      1.17      0.48     0.442      2.09        40       512     0.943     0.996     0.993     0.969     0.649     0.423    0.0862
   132/299     9.09G      1.22     0.472     0.619      2.31        20       512     0.947     0.992     0.993     0.968     0.653     0.408    0.0992
   133/299     9.09G      1.24       0.5     0.533      2.27        31       512     0.921     0.985     0.986     0.951     0.648     0.446     0.165
   134/299     9.09G      1.13     0.513     0.515      2.16        49       512     0.944      0.99     0.991     0.966      0.67     0.436     0.177
   135/299     9.09G      1.16     0.487      0.54      2.19        37       512     0.958     0.992     0.991     0.975     0.604     0.416     0.143
   136/299     9.09G      1.26     0.466     0.504      2.23        34       512      0.95     0.994     0.992     0.971      0.63     0.413     0.129
   137/299     9.09G      1.14     0.472     0.545      2.16        28       512     0.959      0.99      0.99     0.974     0.606     0.409     0.164
   138/299     9.09G      1.12     0.487      0.47      2.08        50       512      0.95     0.993     0.991     0.971     0.659     0.435     0.118
   139/299     9.09G      1.21     0.452     0.633      2.29        36       512     0.955     0.996     0.994     0.975     0.652     0.415    0.0741
   140/299     9.09G      1.17     0.462      0.52      2.16        24       512     0.952     0.995     0.993     0.973     0.657     0.424    0.0821
   141/299     9.09G      1.19     0.463     0.541       2.2        23       512     0.956     0.994     0.994     0.974     0.619     0.414    0.0854
   142/299     9.09G      1.17     0.487     0.573      2.23        37       512     0.952     0.995     0.993     0.972     0.643     0.415    0.0881
   143/299     9.09G      1.12     0.478     0.488      2.09        55       512     0.943     0.995     0.994     0.968     0.599     0.398      0.11
   144/299     9.09G       1.2     0.479      0.49      2.17        41       512     0.948     0.996     0.993     0.971     0.615     0.392    0.0973
   145/299     9.09G      1.17     0.456     0.459      2.08        30       512     0.919     0.991     0.991     0.953     0.664      0.39     0.175
   146/299     9.09G      1.13      0.46     0.566      2.16        48       512     0.956     0.995     0.994     0.975     0.609     0.394    0.0908
   147/299     9.09G      1.15     0.465     0.467      2.08        41       512     0.961     0.992     0.992     0.976     0.579     0.388    0.0978
   148/299     9.09G      1.18     0.472      0.47      2.12        28       512     0.964     0.994     0.994     0.979     0.596     0.407    0.0804
   149/299     9.09G      1.18     0.474     0.412      2.06        52       512     0.957     0.995     0.994     0.975     0.617     0.397    0.0802
   150/299     9.09G      1.23     0.454     0.587      2.27        50       512     0.965     0.994     0.994     0.979     0.607     0.388    0.0956
   151/299     9.09G      1.09     0.464     0.425      1.98        47       512     0.956     0.994     0.994     0.974     0.592     0.392    0.0845
   152/299     9.09G      1.06     0.437      0.43      1.93        45       512     0.959     0.995     0.993     0.977     0.578     0.394     0.091
   153/299     9.09G      1.05     0.461     0.426      1.93        44       512     0.963     0.995     0.994     0.979     0.574     0.385    0.0928
   154/299     9.09G      1.18     0.468      0.71      2.36        47       512     0.938      0.99     0.991     0.963     0.633      0.42     0.195
   155/299     9.09G      1.12     0.486     0.601      2.21        18       512      0.93     0.995     0.993     0.961     0.577     0.399     0.119
   156/299     9.09G      1.08     0.471     0.525      2.08        24       512     0.951     0.994     0.993     0.972     0.615     0.397    0.0996
   157/299     9.09G       1.1     0.497     0.403         2        24       512     0.956     0.991     0.991     0.973     0.557     0.375     0.124
   158/299     9.09G      1.09     0.448      0.42      1.96        39       512     0.959      0.99     0.992     0.974     0.592     0.393    0.0999
   159/299     9.09G      1.13     0.462     0.489      2.08        20       512     0.949     0.988     0.991     0.968      0.56     0.384     0.108
   160/299     9.09G      1.11     0.454     0.473      2.04        20       512     0.946     0.993     0.992     0.969     0.589     0.388       0.1
   161/299     9.09G      1.07     0.457     0.561      2.09        26       512     0.963     0.993     0.994     0.977     0.573     0.397     0.102
   162/299     9.09G      1.04     0.432     0.479      1.95        31       512     0.952     0.993     0.992     0.972     0.578     0.396     0.102
   163/299     9.09G      1.09     0.459     0.479      2.02        48       512     0.942      0.99      0.99     0.965     0.559     0.395      0.18
   164/299     9.09G      1.11     0.454      0.48      2.05        35       512     0.938     0.991      0.99     0.963     0.593     0.386     0.155
   165/299     9.09G      1.03     0.442     0.345      1.82        24       512     0.943     0.992     0.991     0.966     0.551      0.37      0.11
   166/299     9.09G      1.05     0.426     0.506      1.98        19       512     0.952     0.985     0.987     0.967     0.576     0.393      0.23
   167/299     9.09G      1.06     0.444     0.428      1.94        41       512     0.952     0.991     0.992     0.971     0.556     0.395      0.18
   168/299     9.09G     0.998     0.454     0.427      1.88        31       512     0.953     0.995     0.993     0.973     0.532     0.365     0.109
   169/299     9.09G      1.03     0.411     0.421      1.86        27       512     0.958     0.994     0.993     0.976     0.529     0.364     0.109
   170/299     9.09G      1.03      0.46     0.391      1.88        30       512     0.958     0.993     0.994     0.975     0.492     0.358     0.113
   171/299     9.09G     0.998     0.388     0.459      1.84        32       512     0.955      0.99     0.992     0.972     0.535     0.372     0.144
   172/299     9.09G      1.03     0.429     0.385      1.85        28       512     0.953     0.993     0.993     0.972     0.507     0.361    0.0818
   173/299     9.09G      1.04     0.427     0.414      1.88        56       512     0.954     0.992     0.992     0.972     0.545     0.376     0.136
   174/299     9.09G     0.983     0.417     0.351      1.75        32       512     0.952     0.994     0.994     0.972     0.521     0.372    0.0751
   175/299     9.09G     0.973     0.442     0.381       1.8        51       512     0.944     0.993     0.993     0.968     0.527     0.367    0.0763
   176/299     9.09G      1.02       0.4     0.435      1.86        31       512     0.954     0.993     0.992     0.973     0.527      0.36    0.0996
   177/299     9.09G      1.01     0.399     0.354      1.76        31       512     0.959     0.993     0.992     0.975     0.524      0.38    0.0846
   178/299     9.09G     0.976     0.424     0.392      1.79        41       512     0.961     0.992     0.991     0.976     0.518     0.357    0.0793
   179/299     9.09G     0.912     0.408     0.448      1.77        27       512     0.957     0.991     0.991     0.974     0.502     0.371    0.0887
   180/299     9.09G     0.952     0.413     0.397      1.76        29       512     0.964     0.994     0.993     0.979       0.5     0.365     0.066
   181/299     9.09G      0.99     0.455     0.296      1.74        27       512     0.963     0.996     0.994     0.979     0.522      0.36    0.0633
   182/299     9.09G     0.971     0.413     0.343      1.73        39       512     0.956     0.996     0.993     0.975     0.512     0.356    0.0798
   183/299     9.09G     0.968     0.415     0.402      1.79        43       512     0.956     0.995     0.993     0.975     0.479     0.367    0.0787
   184/299     9.09G     0.949      0.42      0.36      1.73        24       512     0.957     0.996     0.994     0.976     0.483      0.35    0.0707
   185/299     7.63G     0.905     0.396     0.333      1.63        35       512     0.963     0.995     0.994     0.979     0.568     0.359    0.0707
   186/299     7.64G     0.945     0.401     0.311      1.66        28       512     0.963     0.992     0.994     0.977     0.539     0.351    0.0714
   187/299     7.64G     0.906     0.373     0.286      1.57        25       512     0.962     0.993     0.994     0.977     0.589     0.369    0.0679
   188/299     7.64G     0.912     0.396     0.315      1.62        32       512     0.946     0.995     0.994      0.97     0.539     0.359    0.0633
   189/299     7.64G     0.942     0.374     0.309      1.63        27       512     0.945     0.994     0.993     0.968     0.529     0.369    0.0766
   190/299     7.64G     0.945     0.384     0.291      1.62        17       512     0.951     0.994     0.993     0.972     0.527     0.346    0.0814
   191/299     7.64G     0.936     0.411     0.387      1.73        47       512      0.96     0.994     0.993     0.977     0.538     0.369    0.0783
   192/299     7.64G     0.905     0.403     0.504      1.81        43       512     0.937     0.987      0.99     0.961     0.514     0.349    0.0879
   193/299     7.64G     0.946     0.396      0.41      1.75        26       512     0.963     0.993     0.993     0.978     0.531     0.354     0.076
   194/299     7.64G      0.95     0.366     0.346      1.66        31       512     0.965     0.994     0.993     0.979     0.582     0.381    0.0785
   195/299     7.64G     0.959     0.409     0.394      1.76        31       512     0.965     0.994     0.993     0.979     0.541     0.374    0.0772
   196/299     7.64G     0.906     0.386     0.347      1.64        32       512     0.961     0.993     0.992     0.977     0.555     0.351    0.0763
   197/299     7.64G     0.886     0.409     0.328      1.62        28       512      0.96     0.994     0.993     0.977     0.548     0.346    0.0666
   198/299     7.64G     0.863     0.406     0.238      1.51        32       512     0.963     0.994     0.994     0.978     0.524     0.353    0.0656
   199/299     7.64G       0.9     0.378     0.282      1.56        29       512     0.971     0.994     0.993     0.982     0.503     0.343    0.0676
   200/299     7.64G     0.863      0.37     0.276      1.51        31       512     0.973     0.994     0.992     0.983     0.528     0.351    0.0747
   201/299     7.64G     0.828     0.363     0.315      1.51        26       512     0.968     0.996     0.994     0.982     0.473      0.35    0.0534
   202/299     7.64G      0.84     0.364     0.256      1.46        39       512      0.97     0.996     0.994     0.983     0.599     0.344    0.0542
   203/299     7.64G     0.935      0.39     0.315      1.64        46       512     0.971     0.994     0.994     0.983     0.506     0.355    0.0612
   204/299     7.64G     0.894     0.381     0.288      1.56        15       512     0.972     0.994     0.993     0.983     0.494      0.35    0.0614
   205/299     7.64G     0.865     0.365     0.341      1.57        50       512     0.966     0.994     0.993      0.98     0.502     0.335     0.066
   206/299     7.64G      0.87     0.392     0.308      1.57        62       512     0.968     0.994     0.993     0.981     0.496     0.332    0.0577
   207/299     7.64G     0.875     0.363     0.284      1.52        41       512     0.972     0.993     0.994     0.982     0.578     0.336    0.0565
   208/299     7.64G     0.837     0.395     0.233      1.47        26       512     0.972     0.993     0.994     0.982     0.492     0.345    0.0596
   209/299     7.64G     0.831     0.377     0.305      1.51        28       512     0.971     0.994     0.994     0.982     0.482     0.345    0.0575
   210/299     7.64G      0.84     0.336     0.245      1.42        24       512     0.971     0.994     0.994     0.982     0.493     0.337    0.0555
   211/299     7.64G     0.853     0.372     0.273       1.5        28       512     0.975     0.996     0.994     0.985     0.472      0.33    0.0487
   212/299     7.64G     0.815     0.357     0.218      1.39        20       512     0.971     0.996     0.994     0.983      0.47     0.321    0.0451
   213/299     7.64G     0.817     0.365     0.219       1.4        33       512     0.967     0.996     0.994     0.981     0.496     0.328    0.0398
   214/299     7.64G      0.82     0.354     0.238      1.41        50       512      0.97     0.996     0.994     0.983     0.479     0.329    0.0394
   215/299     7.64G     0.849     0.374     0.243      1.47        55       512     0.974     0.995     0.994     0.984     0.457     0.333    0.0493
   216/299     7.64G     0.776     0.349     0.258      1.38        34       512     0.974     0.996     0.994     0.985      0.46     0.325    0.0486
   217/299     7.64G     0.845     0.342     0.294      1.48        53       512     0.974     0.994     0.994     0.984     0.454     0.344    0.0559
   218/299     7.64G     0.745     0.338     0.187      1.27        33       512     0.971     0.994     0.993     0.983     0.475     0.341    0.0619
   219/299     7.64G     0.774     0.341     0.204      1.32        29       512     0.967     0.994     0.994      0.98     0.525     0.326    0.0607
   220/299     7.64G     0.833     0.376     0.212      1.42        56       512     0.962     0.993     0.994     0.977     0.465     0.333    0.0552
   221/299     7.64G     0.795     0.366     0.236       1.4        31       512     0.956     0.995     0.994     0.975     0.466      0.36    0.0486
   222/299     7.64G     0.795     0.345     0.222      1.36        51       512     0.963     0.996     0.994     0.979     0.438      0.34    0.0391
   223/299     7.64G       0.8     0.348      0.18      1.33        38       512     0.964     0.994     0.994     0.979     0.451     0.326    0.0477
   224/299     7.64G     0.759     0.331     0.205      1.29        24       512     0.964     0.994     0.994     0.978     0.429     0.327    0.0502
   225/299     7.64G     0.767     0.311     0.245      1.32        40       512     0.964     0.995     0.994      0.98     0.439     0.345    0.0436
   226/299     7.64G     0.723     0.312     0.153      1.19        38       512      0.96     0.994     0.994     0.977      0.44     0.314    0.0386
   227/299     7.64G     0.767     0.323      0.23      1.32        51       512     0.964     0.994     0.994     0.979     0.463     0.317    0.0332
   228/299     7.64G     0.759     0.313     0.185      1.26        38       512     0.969     0.996     0.994     0.982     0.446     0.314    0.0343
   229/299     7.64G     0.753     0.332     0.189      1.27        25       512     0.969     0.996     0.995     0.982     0.427      0.32    0.0337
   230/299     7.64G     0.753     0.307     0.182      1.24        20       512     0.968     0.996     0.994     0.982     0.409     0.317    0.0317
   231/299     7.64G     0.778     0.293     0.232       1.3        26       512     0.971     0.997     0.994     0.983     0.433     0.315    0.0337
   232/299     7.64G     0.713     0.322     0.222      1.26        44       512     0.974     0.996     0.994     0.985     0.422     0.307    0.0394
   233/299     7.64G     0.733     0.314     0.172      1.22        36       512      0.97     0.996     0.994     0.983     0.414       0.3    0.0408
   234/299     7.64G     0.766     0.317     0.168      1.25        27       512     0.969     0.996     0.994     0.983     0.414     0.316    0.0333
   235/299     7.64G     0.738      0.32     0.151      1.21        32       512     0.972     0.996     0.994     0.984     0.449     0.309     0.032
   236/299     7.64G     0.727     0.317     0.187      1.23        37       512     0.971     0.995     0.994     0.983     0.415     0.309    0.0392
   237/299     7.64G     0.726     0.334       0.2      1.26        36       512      0.97     0.993     0.994     0.981     0.412     0.294    0.0498
   238/299     7.64G     0.723     0.305     0.146      1.17        25       512     0.968     0.994     0.994     0.981     0.428     0.327    0.0496
   239/299     7.64G     0.715     0.288     0.224      1.23        41       512     0.971     0.995     0.994     0.983     0.408     0.306    0.0483
   240/299     7.64G     0.746     0.331     0.167      1.24        73       512     0.974     0.995     0.994     0.984     0.402      0.32    0.0435
   241/299     7.64G     0.694     0.305     0.184      1.18        31       512     0.977     0.996     0.994     0.986     0.409     0.306    0.0394
   242/299     7.64G     0.673     0.301      0.19      1.16        28       512     0.974     0.996     0.994     0.984     0.403     0.312    0.0421
   243/299     7.64G     0.683     0.302     0.164      1.15        27       512     0.974     0.995     0.994     0.984     0.408     0.298    0.0411
   244/299     7.64G     0.706     0.308     0.171      1.18        35       512      0.97     0.995     0.994     0.982      0.41     0.306    0.0388
   245/299     7.64G     0.715      0.32     0.155      1.19        43       512     0.967     0.995     0.994      0.98     0.389     0.292    0.0381
   246/299     7.64G     0.753     0.314     0.138       1.2        30       512     0.969     0.996     0.994     0.982      0.41     0.292    0.0366
   247/299     7.64G     0.768     0.309     0.215      1.29        32       512     0.973     0.996     0.995     0.984     0.423     0.296    0.0298
   248/299     7.64G     0.725     0.298     0.223      1.25        23       512     0.972     0.994     0.994     0.983     0.407     0.294    0.0414
   249/299     7.64G     0.688     0.288     0.155      1.13        26       512     0.972     0.993     0.994     0.982     0.398     0.294    0.0487
   250/299     7.64G     0.654     0.306     0.132      1.09        17       512     0.975     0.994     0.994     0.984     0.386     0.291    0.0444
   251/299     7.64G     0.712     0.294     0.195       1.2        36       512      0.97     0.995     0.994     0.982     0.409      0.28    0.0379
   252/299     7.64G      0.66     0.305     0.171      1.14        40       512     0.966     0.995     0.994      0.98     0.386     0.286    0.0297
   253/299     7.64G      0.66     0.305     0.166      1.13        25       512     0.973     0.995     0.994     0.984     0.389     0.299    0.0285
   254/299     7.64G     0.703     0.323     0.126      1.15        53       512     0.972     0.995     0.994     0.983     0.385      0.28    0.0302
   255/299     7.64G     0.625     0.302     0.143      1.07        42       512     0.972     0.995     0.994     0.983     0.383     0.283    0.0327
   256/299     7.64G     0.699     0.276     0.162      1.14        32       512     0.973     0.996     0.994     0.984     0.379     0.284    0.0334
   257/299     7.64G     0.691      0.31     0.174      1.18        22       512     0.971     0.996     0.994     0.984     0.378     0.278    0.0339
   258/299     7.64G     0.661     0.303     0.161      1.13        26       512     0.973     0.996     0.994     0.984     0.367     0.284    0.0285
   259/299     7.64G     0.664     0.306     0.166      1.14        58       512     0.976     0.996     0.995     0.986     0.376     0.295    0.0265
   260/299     7.64G     0.685     0.299     0.234      1.22        38       512     0.971     0.995     0.994     0.983     0.374       0.3    0.0526
   261/299     7.64G     0.674     0.313     0.164      1.15        30       512      0.97     0.993     0.994     0.981     0.381     0.291     0.082
   262/299     7.64G      0.67     0.333     0.183      1.19        40       512     0.969     0.993     0.994     0.981     0.385     0.303    0.0891
   263/299     7.64G     0.683     0.291     0.195      1.17        46       512     0.966     0.993     0.994     0.979     0.394     0.286    0.0702
   264/299     7.64G     0.691     0.296      0.11       1.1        30       512     0.967     0.993     0.994      0.98     0.387     0.275    0.0671
   265/299     7.64G     0.633      0.29     0.106      1.03        29       512     0.966     0.994     0.994     0.979     0.378     0.301    0.0642
   266/299     7.64G     0.627     0.295     0.125      1.05        30       512     0.969     0.994     0.994     0.981     0.373     0.301    0.0541
   267/299     7.64G     0.617     0.263     0.139      1.02        28       512     0.972     0.995     0.994     0.983     0.376     0.283    0.0448
   268/299     7.64G     0.639      0.28     0.157      1.08        18       512      0.97     0.994     0.994     0.982     0.365     0.288    0.0459
   269/299     7.64G     0.605      0.31     0.145      1.06        42       512     0.971     0.994     0.994     0.982     0.369     0.299    0.0446
   270/299     7.64G     0.637     0.289     0.198      1.12        26       512      0.97     0.992     0.994     0.981     0.371     0.285     0.039
   271/299     7.64G     0.618     0.304     0.129      1.05        43       512     0.969     0.994     0.994     0.981     0.358     0.289    0.0284
   272/299     7.64G     0.611     0.281     0.151      1.04        23       512     0.967     0.995     0.994     0.981     0.372     0.289    0.0281
   273/299     7.64G     0.604     0.275     0.122         1        35       512     0.966     0.993     0.994      0.98     0.371     0.286    0.0274
   274/299     7.64G     0.613     0.252     0.108     0.973        29       512     0.965     0.996     0.994      0.98     0.361     0.291    0.0263
   275/299     7.64G     0.621     0.294     0.154      1.07        22       512     0.968     0.996     0.994     0.982     0.354      0.29     0.025
   276/299     7.64G       0.6      0.29     0.125      1.01        36       512     0.969     0.996     0.994     0.982     0.357     0.289    0.0261
   277/299     7.64G     0.639     0.292     0.168       1.1        27       512     0.969     0.996     0.994     0.983     0.367      0.28    0.0257
   278/299     7.64G     0.629     0.295      0.12      1.04        40       512      0.97     0.995     0.994     0.982     0.357     0.276    0.0216
   279/299     7.64G     0.617     0.277    0.0997     0.994        28       512     0.971     0.993     0.994     0.982     0.357     0.274    0.0197
   280/299     7.64G     0.631     0.292      0.13      1.05        26       512      0.97     0.995     0.994     0.982     0.358     0.276    0.0212
   281/299     7.64G     0.605     0.268     0.106     0.979        44       512     0.968     0.995     0.994     0.982     0.349     0.276    0.0235
   282/299     7.64G     0.611     0.297     0.141      1.05        42       512      0.97     0.995     0.994     0.982     0.354     0.273    0.0229
   283/299     7.64G     0.631     0.279     0.195       1.1        20       512      0.97     0.996     0.995     0.983     0.351     0.277    0.0208
   284/299     7.64G     0.577     0.281     0.118     0.976        26       512     0.972     0.996     0.995     0.984     0.346     0.275    0.0203
   285/299     7.64G     0.631     0.292     0.173       1.1        34       512     0.971     0.996     0.995     0.983     0.352     0.275    0.0211
   286/299     7.64G     0.654     0.279     0.149      1.08        20       512     0.971     0.996     0.994     0.983     0.358      0.27    0.0224
   287/299     7.64G     0.636     0.291     0.113      1.04        38       512     0.971     0.996     0.994     0.983     0.353      0.27    0.0224
   288/299     7.64G     0.592     0.288       0.1      0.98        28       512     0.973     0.996     0.995     0.984     0.353     0.277    0.0206
   289/299     7.64G     0.606     0.278     0.106      0.99        28       512     0.972     0.996     0.995     0.984     0.347     0.274    0.0202
   290/299     7.64G     0.587     0.281     0.114     0.982        42       512     0.972     0.996     0.995     0.984     0.338     0.269    0.0198
   291/299     7.63G     0.572     0.255    0.0964     0.923        35       512     0.973     0.995     0.995     0.984     0.349     0.269    0.0196
   292/299     7.64G     0.583     0.258    0.0932     0.935        28       512     0.973     0.995     0.995     0.984     0.345     0.274    0.0197
   293/299     7.64G     0.555      0.23    0.0834     0.868        25       512     0.971     0.995     0.995     0.983      0.35     0.289    0.0193
   294/299     7.64G     0.588      0.25     0.115     0.952        32       512      0.97     0.995     0.995     0.983      0.35     0.286    0.0196
   295/299     7.64G     0.582     0.237     0.078     0.897        27       512      0.97     0.996     0.995     0.983     0.349     0.295    0.0194
   296/299     7.64G     0.556     0.239    0.0717     0.867        17       512     0.971     0.995     0.995     0.983     0.348      0.28    0.0211
   297/299     7.64G     0.597     0.252     0.143     0.992        47       512     0.971     0.995     0.995     0.983     0.356     0.278    0.0214
   298/299     7.64G     0.596     0.249     0.131     0.977        43       512     0.973     0.995     0.995     0.984     0.348     0.281    0.0202
   299/299     7.64G     0.587     0.239     0.129     0.955        26       512     0.974     0.995     0.995     0.984     0.349     0.273    0.0208
